0.89345049 0.40821256 0.23693974 -0.66445239 -1.12106491 -1.62694740 0.46209304 0.47493393 0.93683493
0.20960612 0.05501956 -0.10264994 -0.52043801 -0.40169963 0.10904120 0.44235391 0.17614989 0.03261689
-0.14963933 0.04734446 -0.15754181 -0.25980789 0.34583590 -0.26712023 0.10515930 -0.14049368 0.47626327
0.80881089 0.76334119 0.65477014 -1.15739205 -1.47503534 -1.20221605 0.63971390 0.14359651 0.82441081
0.07074350 -0.37636265 -0.13862412 0.60714129 0.59880381 0.07558777 -0.53623987 -0.21671729 -0.08433244
0.45247374 0.20889538 -0.39751862 -0.53979695 0.48941342 -0.13022495 -0.09490956 0.17643493 -0.16476739
0.09336751 -0.08364227 0.20784566 0.16812846 -0.08302038 -0.12069293 0.31529393 -0.00105005 -0.49622993
-0.22377328 0.20354431 0.03621441 0.12226595 0.12938051 -0.02458652 -0.09743068 0.01514838 -0.16076308
1.36891688 1.65596225 1.60524552 -3.00444558 -3.13944858 -3.15932173 1.42347963 1.67982206 1.56978954
0.41926808 0.36321955 -0.59122092 -0.23870282 0.64764564 -0.32811288 0.16396969 -0.07882612 -0.35724023
-0.37833477 0.31711159 0.06400083 -0.07468471 -0.13042060 0.18840996 0.36850106 -0.10166303 -0.25292032
1.57361920 0.72526082 0.67077209 -0.17433889 0.08233948 -0.51641493 -0.96941707 -0.48270400 -0.90911671
-0.09470603 -0.03165562 0.18245547 0.27222479 0.18803231 -0.10062910 -0.15124606 -0.08563486 -0.17884091
-0.07960937 0.00266165 0.38169408 -1.50109542 -0.89615937 -1.20403747 0.97864617 0.66696059 1.65093914
0.08067175 -0.48142991 0.34909317 -0.22131192 0.29745192 -0.11837351 0.31783600 -0.29261427 0.06867677
-0.35859564 -0.16759434 -0.87027718 -1.19829382 -1.45451858 -1.17205037 1.66859045 1.78631684 1.76642264
2.26375133 2.45401455 1.98903079 -4.69832224 -4.24444118 -4.86383885 2.25270831 2.53635955 2.31073774
-0.39204044 -0.09465704 0.07461714 -0.55954166 -0.12622581 0.10479324 0.50484851 0.37865407 0.10955200
0.07591277 0.08303048 -0.27738563 -0.00810559 0.10053749 -0.31474994 0.20487074 -0.01531124 0.15120091
0.10133938 0.04920723 -0.41234480 0.07478176 -0.10494482 -0.34652948 0.29299436 0.22381745 0.12167892
0.10621740 -0.34186017 0.13916735 -0.05549036 0.65137597 -0.07009713 0.01374738 -0.21938814 -0.22367229
-0.77697581 -0.14664377 -0.50208149 -0.63141053 -0.22994964 0.13394978 0.57556861 0.67549846 0.90204439
-2.74692432 -2.21623038 -2.00056960 -2.06846853 -1.94403887 -1.79864465 4.15156874 4.18531516 4.43799244
0.52798726 0.65502726 0.30836440 -1.11427897 -1.62484506 -1.02412028 0.65093245 0.99734567 0.62358728
0.52344102 0.86073346 0.67440199 0.32607604 -0.23614822 -0.06751548 -0.31188471 -1.02725608 -0.74184802
-0.45612398 -0.51318260 -0.55746364 0.98389672 0.66449545 1.41930045 -0.39004517 -0.22281916 -0.92805806
-0.13782189 -0.17073440 -0.10673076 0.27396962 -0.04614604 0.04200013 0.15735792 -0.00015874 -0.01173584
0.04836508 0.13573055 0.20516920 0.22923417 0.00586299 -0.07499000 -0.02929209 -0.28859473 -0.23148515
-0.03573983 0.18608583 -0.16168380 0.14407719 0.20297467 -0.29730314 0.13043628 -0.13139635 -0.03745086
0.76494073 0.58437519 0.31755618 -0.81566320 -1.06495055 -1.15163077 0.32911817 0.53100101 0.50525323
0.47245189 0.40233120 -0.10069731 -1.27272336 -0.77557949 -0.28391120 0.49444201 0.43797077 0.62571548
0.71226738 0.99464532 0.55234486 -2.10457740 -1.93664632 -1.96260112 1.25878922 1.15689949 1.32887857
-0.03598201 0.17756943 -0.17448950 -0.29558658 -0.48601282 0.18060456 -0.04483334 0.21302885 0.46570141
0.32690356 -0.11418411 0.66249217 -0.25113064 -0.36024111 -0.75112881 0.06218687 -0.04110872 0.46621079
0.21952709 0.03909278 -0.29407884 0.19851745 0.08568003 -0.19805520 0.01618267 0.00522600 -0.07209198
0.04247005 -0.14096246 -0.22180450 -0.05558883 0.32516452 0.32943729 -0.69228810 0.25153215 0.16203988
1.51204395 1.82033010 1.58538596 -1.88031047 -1.72973251 -1.75670767 0.26999898 -0.05354469 0.23253635
0.13739563 0.05321948 0.04177158 0.05786537 -0.02897096 -0.09107348 0.13112230 0.01761571 -0.31894565
-0.17538257 -0.55757267 -0.24411163 0.25074617 -0.19116585 -0.13258973 0.44049665 0.26790808 0.34167156
0.38716397 -0.08084349 0.00705808 -0.03069489 -0.16372892 -0.23328336 -0.19617902 0.06980073 0.24070689
0.07829208 -0.11752787 -0.07824007 0.02962709 -0.11371586 -0.09624054 -0.20811880 0.21994988 0.28597408
-0.47402701 -0.49789242 -0.10134766 -0.45487323 -0.65671948 0.28049377 0.91149577 0.77919248 0.21367777
0.15569397 0.12692514 0.44559732 -0.71517209 -0.63240193 -0.44550071 0.35738538 0.29733381 0.41013911
-0.23442381 0.20327268 0.15591778 -0.14306751 -0.04957058 0.20409686 -0.10956611 -0.04160787 0.01494857
0.49910483 0.13786570 0.51347156 -1.06073487 -0.80268359 -0.65101448 0.58061535 0.72260561 0.06076990
0.04036581 -0.05758476 0.27485203 0.30478740 -0.28206996 -0.11762584 -0.11558469 -0.00139643 -0.04574356
0.37851471 -0.46843777 0.13041448 0.06568895 -0.25810620 0.31402501 -0.31935733 0.07945584 0.07780232
0.26068767 0.01210116 0.41387475 -0.64034732 -0.23705267 -0.51146355 0.37338195 0.04740028 0.28141772
-0.11354276 -0.14719523 -0.06136637 -0.02623554 0.40878707 0.34542520 0.00038128 -0.22750786 -0.17874578
-1.32541758 -0.70468330 -1.26064213 2.06728254 1.98789919 2.07208397 -1.11499415 -1.10192849 -0.61960005
0.35371339 -0.04546686 -0.10998761 -0.25295969 0.03587245 -0.56053814 -0.13389353 0.05433525 0.65892474
-0.09912149 -0.30154425 -0.26072761 0.42892351 0.61184742 -0.30077325 -0.28240351 0.11322338 0.09057580
0.28421110 -0.11090577 0.05133174 -0.04080277 -0.25081233 0.13502875 0.16519406 -0.11729282 -0.11595196
-0.12974989 -0.36070886 -0.26164077 -0.80896067 -0.43494131 0.02673129 0.64095399 0.68385342 0.64446280
0.30123519 0.15174928 -0.14979859 -0.02394814 0.02935098 -0.15652116 0.21597821 -0.13428724 -0.23375853
-0.08820512 -0.14938440 -0.00733529 0.12412670 -0.25383703 -0.50513740 0.46078737 0.43238509 -0.01339991
0.41807072 -0.09938049 -0.21753341 -0.04192081 0.30297301 -0.06466715 0.24387057 -0.08890609 -0.45250634
-0.19330430 0.36495623 0.40155055 -0.04988966 0.09464206 -0.33197320 -0.30880812 -0.12494106 0.14776750
0.96271127 0.72504887 0.83693590 0.62057329 0.90945266 0.50261895 -1.36557859 -1.42857426 -1.76318810
0.13593284 0.25171827 -0.23186064 0.31915956 -0.21149639 -0.08673852 0.08281906 -0.04033285 -0.21920133
-0.11699691 0.04960610 -0.15527212 0.03043783 0.03306776 -0.51181091 0.17847070 0.36999157 0.12250598
-0.62736020 -1.30227244 -0.95259860 -0.95067203 -1.05611922 -0.30494273 1.70405642 1.77975163 1.71015717
-0.18232974 0.28662026 0.19065853 0.16942711 -0.23908931 0.05195994 -0.34470925 -0.19951515 0.26697761
0.06481237 0.09847306 -0.12155357 0.14941977 -0.06250091 0.05594696 -0.18491029 -0.02479769 0.02511030
0.00714128 -0.11159542 0.03841847 -0.17267362 0.15529608 -0.27740292 0.29225233 0.07486926 -0.00630547
0.44484437 0.45171608 0.41785546 -1.34539218 -1.48540769 -1.14169916 0.91139693 0.95895835 0.78772783
1.80576143 1.40448454 1.70119485 -2.76310457 -2.30355009 -2.38520988 1.30457952 0.76940393 0.46644027
-0.45427971 0.27132123 0.09278122 0.62519514 -0.55995299 -0.16685125 -0.17737779 0.27395335 0.09521079
-0.17118329 -0.18070749 0.14459476 0.07453898 0.14497410 -0.06657964 -0.20733143 0.25407805 0.00761596
-0.17091806 -0.25411875 0.60115291 -0.39680506 -0.53059977 -0.48775907 0.12085035 0.70850456 0.40969288
-0.01324967 -0.09755611 -0.01709969 -0.18444061 0.00980482 0.25984540 0.18700852 -0.07085539 -0.07345726
0.01648725 0.14335762 -0.12025503 -0.10476004 0.23728658 -0.09053066 -0.02408251 -0.03182632 -0.02567690
-0.23007694 -0.24017263 -0.14221784 -0.35594603 -0.04575402 0.19066376 0.53013449 0.46778512 -0.17441590
-0.12969833 -0.35191545 -0.43653763 -0.27656895 -0.27020492 -0.10997859 0.54876197 0.48019564 0.54594627
-0.70438623 -0.75170951 -0.67487513 -0.30027969 -1.10370100 -0.52095507 1.51649753 1.53483519 1.00457391
0.08772574 -0.04787308 0.01540310 -0.20541435 -0.38137984 -0.08955429 0.38034330 0.26675547 -0.02600604
0.24034153 0.14775927 -0.18603691 -0.57592185 -0.18549567 -0.58838639 0.36109464 0.45314046 0.33350493
0.24745459 0.06021441 -0.36770489 -0.33869438 -0.28534763 -0.05586392 0.24160417 0.07301430 0.42532336
-0.46381278 -0.38477362 -0.39603747 0.92129087 0.75096877 0.43008489 -0.22218951 -0.63765683 0.00212568
0.20924810 0.00806874 0.45647935 -0.82900039 -0.83643822 -1.01854052 0.56555739 0.58172581 0.86289973
-0.06602979 0.26753641 0.08038297 -0.00315558 -0.03882814 -0.04154677 -0.13058370 0.33208507 -0.39986047
-0.62731584 -0.23381080 -0.38365765 -0.39786978 -0.47290592 -0.31461548 0.50549193 0.69815359 1.22652995
0.19014717 0.10524173 0.31937259 -0.15315598 -0.58303953 0.40709168 0.09626334 -0.42503819 0.04311720
0.39108453 -0.85565326 -0.14022584 -0.39615874 0.01370684 -0.01606265 0.09550388 0.15735105 0.75045419
-0.42765449 -0.58454143 -0.29438186 -0.66092739 -0.76957833 -0.66218971 1.54568939 0.93323872 0.92034510
-0.02448126 0.21619969 0.04371985 -0.33582931 -0.20583470 0.25778398 0.32007609 -0.00240409 -0.26923025
0.20092548 -0.07308924 0.30080820 -0.21867267 -0.15624339 -0.20035573 -0.06046324 0.00008839 0.20700220
-0.02128606 -0.33240188 0.29281975 0.16735505 -0.27163104 0.32202068 0.20312622 -0.32665500 -0.03334770
0.49464745 -0.10106729 0.32939120 -0.12146211 -0.34085131 -0.28668458 -0.26257143 -0.03513272 0.32373079
0.75001980 0.47182118 0.81048040 0.36556520 0.72189959 0.90854552 -1.23962278 -1.39989033 -1.38881859
0.65183768 -0.05385640 0.15387164 0.22050017 -0.12947871 -0.13831019 -0.05924330 -0.23245721 -0.41286368
0.44127466 0.47820047 0.82395625 0.06760813 0.38836294 0.21838756 -1.10614454 -0.82001691 -0.49162856
-0.19840635 0.46529305 0.59579757 -0.79492246 -0.27199648 -0.17704483 0.38324926 -0.02455470 0.02258496
0.40612602 0.54781516 0.63293629 0.11752913 0.27296699 -0.04073596 -0.80278279 -0.77273789 -0.36111696
-0.27618330 0.26648640 -0.09996140 -0.00523622 0.02631973 0.06117985 -0.49765836 0.40938648 0.11566682
0.53925894 0.70855770 0.53101268 -1.43036150 -1.48854073 -1.23664051 0.55427288 1.01439168 0.80804885
-0.22694897 0.03150579 -0.13134294 -0.56953377 -0.85805643 -0.56749857 0.40552639 0.97414592 0.94220258
0.17903101 -0.29971710 -0.19325723 0.24730973 -0.24444939 0.05579174 -0.15745733 0.37504178 0.03770679
0.27589408 0.15511123 0.25866431 -0.09370995 -0.64412559 -0.44539668 0.47395620 0.04433858 -0.02473218
0.13616621 0.47902062 -0.20496721 -0.08783679 0.18325281 -0.16175492 -0.20772855 0.07604483 -0.21219699
0.43720469 0.20516243 0.43868441 -0.28645310 -0.58090431 -0.35334394 -0.09833489 -0.04471965 0.28270438
-0.12952541 -0.16288961 0.46080162 0.03513671 0.14976796 -0.35281390 -0.16995837 -0.20706872 0.37654971
-0.56097251 -0.10646810 0.28058396 0.27929743 -0.18753754 -0.15473253 0.04112890 0.16743670 0.24126368
0.18044042 0.17428083 0.16691833 0.02591180 -0.61908685 0.08342937 0.04310358 -0.15850805 0.10351057
0.67300452 0.65727290 0.14006470 -0.72251740 -0.75484561 -0.60801220 0.24261754 0.01006466 0.36235089
0.07147776 0.15992115 0.60209031 -0.76313705 0.00100035 -0.66355267 -0.00437260 0.42511340 0.17145936
-0.37675341 -0.10334102 -0.05792110 -0.17253678 0.59812641 0.01003887 -0.05713315 0.36053081 -0.20101064
-0.24272090 0.36761271 0.19324055 0.10267319 0.07096453 -0.44126651 0.12992917 -0.33355065 0.15311791
-0.05295790 -0.01403606 0.57450067 0.20598891 0.44578069 0.02021433 -0.03597202 -0.44073192 -0.70278670
-0.00810568 0.28518725 0.04239837 -0.30237272 -0.15163285 0.33041392 -0.20466121 0.25024471 -0.24147180
0.40524329 0.13087901 -0.57708973 -0.00337891 0.32442901 0.48660031 -0.04425432 -0.63362800 -0.08880065
0.70515042 0.23310454 0.40605876 0.12089829 0.14101563 0.21146570 -0.70731827 -0.82129580 -0.28907927
-0.08581643 0.15996615 -0.03033773 0.38585879 -0.03909610 -0.37790439 0.18562686 0.08940993 -0.28770707
-0.15777097 -0.37421861 -0.25030438 0.03082407 -0.22016823 0.15330392 0.30827925 0.17151761 0.33853734
0.19326048 -0.08711505 -0.33284592 -0.17123641 -0.10598996 0.38577787 0.25900147 -0.08548623 -0.05536626
0.35396223 0.02076141 0.24347753 -0.45734748 -0.29911799 0.29233576 -0.05818506 -0.23418075 0.13829435
0.90057963 0.22702950 -0.36138144 -0.13785878 0.34905224 0.43789464 -0.24547046 -0.30420651 -0.86563882
0.09163021 -0.19445861 0.27343346 -0.20445417 -0.39690271 -0.49109238 0.39232860 0.57995753 -0.05044194
0.19005698 -0.08881645 0.00427485 -0.21099474 0.01620184 0.26668267 -0.24581803 -0.47627262 0.54468549
0.31051670 -0.37716515 -0.15254248 0.41739451 -0.14757968 0.24132830 -0.22092765 -0.08924101 0.01821646
0.18745263 0.69734241 0.23238795 -1.55794749 -1.53534212 -1.27335352 1.14471081 1.28647689 0.81827244
0.53564550 -0.05977654 0.41805007 -0.68155305 -0.51067632 -0.27785624 0.28916765 0.52567218 -0.23867327
0.05443740 -0.52569758 0.06258436 0.54908153 -0.05481162 -0.67156427 0.32975606 -0.04969229 0.30590641
0.09830757 0.30633209 0.16292884 -0.25260543 -0.42587754 -0.12374719 0.29665363 -0.16048719 0.09849522
0.03290908 0.21764291 -0.14303237 -0.13580843 -0.01308467 0.31558152 -0.27696591 -0.10167972 0.10443757
0.15045016 -0.13973008 -0.02611239 -0.06675330 0.34702868 -0.13830592 -0.22547964 0.09921542 -0.00031294
0.03408430 -0.11981555 0.27881679 -0.09815174 0.10794120 -0.22762251 -0.25708267 0.11671164 0.16511856
-0.06622657 0.23164378 0.21717560 -0.32928392 0.42063782 -0.45846298 0.09794136 -0.06330108 -0.05012402
-0.78612682 0.12349867 0.14808129 -0.71528168 0.00058656 -0.48872851 -0.09764090 0.55710639 1.25850500
-0.16644541 -0.36531840 -0.03639971 0.38122162 -0.05016907 -0.16972008 0.33516979 0.00539358 0.06626769
0.29856579 0.62967884 0.44932353 0.12644909 0.39442926 0.15185978 -0.52055466 -0.89419123 -0.63556039
-0.78072036 -0.10311114 -0.02627444 0.05487051 -0.60902976 -0.13038687 0.30928781 0.77431281 0.51105145
0.42849616 -0.20907771 -0.31005377 0.30269711 0.09920259 -0.18281611 -0.17982700 0.26887442 -0.21749569
-0.35803849 0.33043810 -0.19006733 -0.18063958 -0.16562917 0.32978379 0.37285977 0.18375686 -0.32246394
-0.24953405 0.27559734 0.50822484 -0.13607085 0.27578130 -0.35029560 0.08805620 0.06975707 -0.48151626
0.38901270 0.34406626 -0.18223512 -0.47364749 -0.44321126 -0.34878974 0.12199793 0.25081651 0.34199021
-0.77048083 -0.29580188 0.01466633 0.25195729 0.06373884 -0.49729555 0.29370196 0.77483558 0.16467826
0.40289812 0.41217556 0.15158936 0.02908072 0.09238468 0.21085576 -0.15726377 -0.70529796 -0.43642247
0.80972040 0.96965400 0.62095205 -2.02461355 -1.57365001 -1.38670338 0.53419640 1.13590649 0.91453760
0.22479366 -0.01847542 -0.27272991 -0.62254940 -0.28639569 0.06088606 0.09295520 0.16895970 0.65255582
-0.01681067 0.20297002 -0.53791570 0.50263697 0.15762900 0.22255226 -0.43537414 -0.02070075 -0.07498699
-0.26434739 0.01570029 -0.51223773 0.59784052 0.31966427 0.00041030 -0.41109128 0.32812559 -0.07406457
-0.26383676 -0.10104664 -0.30838556 -0.03052869 -0.10193723 0.22864578 0.43667451 -0.09062926 0.23104385
-0.40255359 0.47892664 0.59003523 -0.61424471 -0.67066999 -0.43711251 0.38852026 0.39724974 0.26984893
-0.26224821 0.07544850 -0.16722796 -0.43938023 -0.24564032 -0.12661055 0.66290214 -0.16212621 0.66488285
-0.45872931 -0.73021923 -0.11958453 -0.59005874 -0.36021896 -0.97214475 1.01416492 0.94331614 1.27347445
0.10575241 -0.03380910 -0.06368332 0.15235737 -0.25792630 0.27631016 -0.38477413 0.21844731 -0.01267440
0.38266266 0.52750978 -0.35859948 -0.13434571 0.01568653 -0.15051577 -0.10584115 0.42303153 -0.59958839
0.05781305 0.02350801 -0.02949212 0.16684453 -0.18709536 -0.08363127 0.37858053 -0.24486710 -0.08166026
0.00175412 -0.18822851 -0.26141506 0.21046820 -0.36862424 0.08094158 0.22968935 -0.05634801 0.35176256
0.09471167 0.25959967 -0.03496577 -0.03953717 -0.27153066 -0.05951851 -0.05325325 0.08167918 0.02281484
-1.06472591 -0.84264667 -0.92801771 -0.70966325 -0.77537714 -0.90985285 1.78641656 1.75224218 1.69162478
0.14489423 -0.17690875 -0.02177524 0.19848321 -0.39384464 -0.04775148 0.33244795 -0.10389667 0.06835138
0.06637684 -0.32036251 0.13991758 0.12362100 -0.42374068 0.25588885 0.18313087 -0.02179471 -0.00303725
-0.25973104 -0.08013580 -0.15717041 0.29497330 0.59185807 0.37690118 0.32111682 -0.33604602 -0.75176610
0.41184985 0.64542627 0.80987693 1.08656763 0.23888437 0.46407808 -1.10781962 -1.36640517 -1.18245834
0.02776086 0.15836028 0.07084139 -0.56623552 0.57082681 -0.06591834 0.16958751 -0.25186852 -0.11335446
0.28595294 0.01776750 -0.11111763 0.07357720 0.23392139 -0.15374878 -0.39563530 0.05133010 -0.00204743
0.82475918 0.24261842 0.76798351 0.01488898 0.14224320 -0.16052975 -0.40140369 -0.72366151 -0.70689835
-0.21298803 -0.07505125 0.01083547 0.27826172 0.03335476 -0.18856704 -0.07324204 -0.13332533 0.36072174
0.10161516 0.86653770 0.16799001 -0.39915338 -0.43174778 -0.43252080 0.05951862 0.09794421 -0.03018374
0.15451758 -0.33912568 -0.07070482 0.06340482 0.14312909 0.26457132 -0.01122952 0.44206190 -0.64662468
0.25905684 -0.24937221 0.27062630 0.19405655 -0.10368441 -0.10582859 -0.25222402 -0.14608814 0.13345770
0.15061364 -0.21366433 0.45546911 -0.40609194 -0.31460557 -0.52028518 0.42449914 0.11148443 0.31258070
-0.06625742 -0.07921711 0.04066718 0.00521720 0.01005189 0.24225472 -0.03089303 -0.08719978 -0.03462365
-0.18017433 0.38535691 -0.05807281 -0.37227530 0.10543950 0.21189224 -0.29349665 0.21867703 -0.01734659
-0.21980030 -0.15330789 0.29811089 0.18908230 -0.31476032 -0.21418921 -0.07958839 0.20188508 0.29256784
0.15094642 0.45774143 0.21070994 -0.57899860 -0.24012789 -0.61195710 0.19878157 0.43243776 -0.01953352
0.05260978 -0.09521745 -0.00104214 0.07719332 0.07279826 0.07173681 -0.10618247 -0.02939141 -0.04250468
0.49005970 0.22263503 0.41882930 -1.04784468 -1.33266652 -0.80862814 0.28922189 0.84302192 0.92537151
-1.10738931 -1.12654067 -1.61670052 -2.19833208 -2.68177030 -2.38945173 3.51735783 3.81930659 3.78352019
-0.15959386 0.62315450 0.28149585 -0.75494547 0.14392571 -0.42331629 -0.06023896 -0.03268132 0.38219984
-0.04488509 0.23110608 -0.33282043 -0.20414967 0.03224949 -0.16112910 0.34126317 0.25484625 -0.11648069
-0.62070489 -0.85555964 -0.50331578 1.44779510 1.28075698 0.97062707 -0.55616297 -0.35596339 -0.80747249
-0.41464468 -0.12476497 -0.04447606 0.30872106 0.17512194 -0.10514674 0.29097988 -0.32012072 0.23433028
0.00673750 -0.04410861 0.02696940 -0.07384647 0.25723440 0.14406655 -0.52927922 -0.04332337 0.25554982
0.42275612 0.89833222 1.23314462 0.13394564 -0.03098632 0.31155328 -1.03947513 -1.10710832 -0.82216212
-0.23317668 0.14734425 0.05264514 -0.53227988 -0.45225484 0.24868114 -0.19011211 0.40916348 0.54998950
0.16175043 -0.41586288 0.06597797 0.16134897 -0.13980783 0.30456726 -0.45056731 0.00578571 0.30680768
0.07326340 0.10184912 -0.24146152 0.20975997 0.13028494 0.41130884 -0.50475912 0.05175930 -0.23200493
0.07034500 -0.10716212 0.05876266 -0.65109206 -1.11340717 -1.16666523 0.92264889 0.92759651 1.05897352
-0.07306520 0.10027964 0.02988365 0.19162124 0.43672502 0.70858809 -0.34926615 -0.55918146 -0.48558482
-0.35132052 -0.16830468 0.06253979 0.06487703 -0.06744241 0.21316725 0.01224554 -0.33624056 0.57047856
1.98291704 1.79149197 1.89169108 -0.60437217 -0.64225555 -0.83249859 -1.16591431 -1.09129693 -1.32976255
-0.27931841 -0.23709865 -0.29448189 0.23008111 0.61143939 0.62463481 0.00269567 -0.38744976 -0.27050227
0.03978078 0.34600013 0.14055824 0.39980304 0.03136166 0.32311234 -0.56877847 -0.38658612 -0.32525160
-0.23770315 -0.03149153 0.33362443 0.25929639 -0.12298302 0.05728741 0.16915336 0.17141064 -0.59859453
-0.37090816 -0.31083569 -0.13508724 -0.49422605 -0.06074430 -0.24216645 0.39480156 0.61782778 0.60133855
-0.32948371 -0.43446771 -0.37494848 -0.76115382 -0.48221220 -0.61686245 1.14580873 0.92258405 0.93073559
0.19921537 0.52930437 -0.19520407 -0.34065777 -0.15284958 -0.27195147 0.28962647 -0.35200927 0.29452594
0.16612936 0.14683952 0.06245298 -0.09698172 -0.23672311 -0.06609401 -0.19406855 -0.14010375 0.35854929
0.12104652 0.34978759 0.45342866 -0.21331352 -0.25414323 -0.35698344 -0.27912678 0.01339773 0.16590648
0.05011805 -0.38512895 -0.42463072 0.84863935 0.72333407 0.12459957 -0.11022413 -0.22793807 -0.59876918
-0.05127130 0.38723091 -0.32403748 -0.05160256 0.47085850 -0.06931673 -0.10863497 -0.16149322 -0.09173315
-0.17906529 0.44063602 0.03463133 -0.01528182 0.01804545 0.10204791 -0.29756444 0.02087764 -0.12432682
0.11358944 0.44272113 0.38889639 0.32666448 0.25934028 -0.14004591 -0.49520446 -0.20258175 -0.69337960
0.56253587 0.53077132 0.31501456 0.42073434 -0.05108573 0.30476835 -0.43958608 -0.58893521 -1.05421742
-0.25710065 0.08532309 -0.04550286 -0.18327028 -0.19038661 0.17514539 0.04583714 0.52498263 -0.15502785
-0.46589676 -0.62548823 -0.11619663 -0.76774263 -0.40559804 -0.43706055 1.24646499 0.71435896 0.85715889
-0.06922880 -0.32990229 0.09466980 -0.24651731 -0.12217400 0.13775144 0.01542023 0.11872684 0.40125408
-0.02783341 0.25740805 0.34477324 -0.31199409 -0.04985728 0.25154602 -0.10027077 0.00842675 -0.37219851
-0.28552643 0.44744678 -0.83119844 -0.21926907 -0.17639393 -0.04000789 0.26349287 0.50604421 0.33541189
-0.21608763 0.36389089 0.12356992 -0.16318419 -0.17412748 -0.06669244 -0.11651564 0.39720877 -0.14806220
0.13701870 -0.03982893 0.24572252 -0.47431430 0.32262627 -0.11062724 0.11910917 -0.08424107 -0.11546513
0.09279230 -0.04761044 -0.14129298 0.09632193 0.29091186 -0.27978939 -0.07369121 0.08648443 -0.02412650
-0.17817311 -0.07455845 -0.17627182 0.11063479 0.77973949 0.34073980 -0.46696674 0.01022524 -0.34536921
0.01992350 0.08890416 0.21936345 -0.11980729 -0.66118276 0.03305847 -0.19424292 0.51035109 0.10363230
0.28570558 0.24102935 -0.11799072 -1.87109231 -2.02240866 -1.33799608 0.94515475 1.88121700 1.99638108
-0.04880923 0.05476904 0.21232671 -0.14072568 0.21355896 -0.15757666 0.08684751 -0.56194306 0.34155241
0.21404845 0.37499577 0.24333682 -0.61620397 -0.20593176 -0.12703437 0.10229250 -0.19273075 0.20722732
0.15315387 0.07683025 0.04402431 -0.31582112 0.16311938 -0.44814906 0.34533195 0.00757789 -0.02606747
-0.18472027 0.18418601 -0.01326589 -0.57540900 -0.10243179 -0.13827318 -0.06684575 0.53453730 0.36222258
-0.20353520 0.32452134 -0.32686340 0.36862315 -0.43911475 0.35031586 0.19010183 0.06357131 -0.32762016
0.46897884 0.89892964 -0.54554328 -0.24475324 -0.45633588 -0.21817087 0.11046593 0.01211705 -0.02568819
0.10079569 -0.13302440 -0.12514878 0.36457557 0.35479076 0.02269768 -0.42127413 -0.09482272 -0.06858968
0.16811216 -0.18444511 0.05003446 -0.38137923 -0.08280467 0.14945430 -0.01815083 0.13083454 0.16834438
0.37359284 0.44815148 0.21095714 -0.71081241 -0.63429340 -1.31869491 0.73341443 0.65541009 0.24227475
0.14167179 -0.08113166 0.17802650 -0.19343149 -0.24563627 -0.45858423 -0.22798142 0.27207210 0.61499469
-0.17546955 -0.05461277 -0.09479225 -0.40280566 -0.03778832 -0.15530046 0.58774023 -0.01772283 0.35075160
0.02200539 0.09681780 -0.07365907 0.19002709 0.41738876 -0.06641659 0.17585933 -0.51450934 -0.24751336
-0.02293345 0.25025276 -0.06638864 0.06655713 -0.47632871 -0.02735176 -0.13706602 -0.09989890 0.51315758
-0.25199076 -0.23931861 0.32444131 -0.03605547 -0.15187230 -0.16287122 0.18704518 0.18970786 0.14091402
0.59849620 -0.30320313 0.07684672 0.37493612 -0.08012961 -0.29012376 0.13346015 -0.39698834 -0.11329434
0.16064027 0.35204309 0.16054295 -0.10973333 -0.27038261 0.09202256 -0.24863994 0.13696132 -0.27345430
-0.15151420 -0.03239076 0.03280251 0.41822247 -0.15283237 0.25976756 -0.05500925 -0.35020913 0.03116317
0.50492074 -0.02890426 0.63308867 -0.09723665 -0.31901526 0.24710604 -0.40206676 -0.26617616 -0.27171636
0.79312450 0.68149591 0.97554723 1.27801849 0.59565052 0.93261364 -1.56261201 -1.67970444 -2.01413384
1.67317839 1.10729919 0.99792949 -2.41943495 -2.13573782 -2.36204942 0.96878311 0.95150049 1.21853150
-0.20859276 0.03761598 -0.22510967 -0.02143699 -0.04961917 0.24350822 -0.13695485 0.32615782 0.03443141
-0.60658806 -0.15803420 0.03320003 -0.04413397 0.29977586 0.24878409 -0.01365591 0.15335328 0.08729888
0.03027026 0.02470200 -0.37810885 -0.34404561 -0.39439168 0.04034327 0.25290505 0.89072098 -0.12239542
0.65169192 0.42959579 0.32624612 -1.11154847 -1.18566410 -0.93374605 0.41335651 0.54813117 0.86193711
-0.15719643 0.08535285 0.20259990 0.26582989 -0.06890940 0.10486838 -0.20370279 -0.02107550 -0.20776690
0.11068192 0.45939573 0.26938794 -0.62378496 -0.87123358 -0.50673332 0.21986703 0.43065578 0.51176346
-0.45485305 -0.07061549 -0.47603644 0.51572512 0.23827155 0.24182785 -0.13655529 -0.13305320 0.27528894
1.23833739 1.26367099 1.81042391 -2.31874151 -2.64183507 -2.64714479 0.98486611 0.98515070 1.32527226
-0.56586414 0.18173765 0.00142063 -0.06380536 0.01651633 0.43056349 0.38927745 -0.65000989 0.26016385
-0.21212705 -0.34320105 0.25403216 -0.02188015 -0.05293612 -0.29487744 0.00928614 -0.00836924 0.67007274
-0.08407266 0.14672650 -0.20299440 -0.23115520 0.06871779 0.11311073 -0.22548920 0.26103471 0.15412173
0.51478764 0.21323679 0.32431224 0.35288573 0.61289443 -0.00807317 -0.81742153 -0.67133157 -0.52129057
-0.42296597 -0.03429438 -0.75627213 -1.25954950 -1.61183442 -1.73124182 1.98491205 2.00451051 1.82673566
-0.09329870 -0.07700163 0.02710026 0.14106646 -0.16982750 -0.23962576 -0.08493191 0.13531032 0.36120846
1.07453555 0.67434527 1.12776470 -1.69594886 -1.95658156 -2.24436452 0.96247052 1.05794489 0.99983401
0.35961561 0.01661034 -0.29678819 0.36307009 -0.23476386 -0.08763856 -0.22819004 0.07596951 0.03211511
-0.21859745 -0.13856273 -0.11129905 0.11029894 0.42168445 -0.19126893 -0.07188257 0.14978653 0.04984080
-0.40200387 0.28017178 0.33496787 0.03800528 -0.01684432 0.03828953 -0.18407428 -0.04348489 -0.04502711
-0.58764551 -0.33317641 -0.00888464 0.26195401 0.09096375 0.37811062 -0.32956512 0.13405737 0.39418592
0.06880315 -0.51707618 -0.13340742 -0.08614855 0.02446273 0.11426701 0.07680690 0.01015695 0.44213540
0.11729104 -0.08118166 0.22459676 -0.11973385 0.48624288 -0.29057647 -0.00071002 -0.25707730 -0.07885137
0.04876896 -0.28725829 -0.48092941 -0.36747649 -0.19650930 -0.02482346 0.66411430 0.45318091 0.19093279
