0.00000000 0.00000000 1.40085866 0.00000000
0.00000000 0.00000000 0.00000000 0.00000000
0.00000000 0.00000000 0.00000000 0.01241735
0.00000000 0.00000000 2.08401961 0.05312639
0.53968284 0.00000000 0.00000000 0.00000000
0.00000000 0.00000000 0.00000000 0.00000000
0.00000000 0.00000000 0.00000000 0.00000000
0.00000000 1.74824300 0.00000000 1.65901927
0.00000000 0.00000000 4.61042779 0.00000000
0.00000000 0.00000000 0.00000000 0.00000000
0.00000000 0.00000000 0.00000000 0.00000000
0.00000000 0.00000000 1.02196696 1.70671452
0.00000000 0.00000000 0.00000000 0.00000000
0.00000000 1.01261537 1.16293990 0.00000000
0.00000000 0.00000000 0.00000000 0.00000000
0.00000000 2.24587746 1.01581953 0.00000000
0.00000000 0.00000000 6.58453296 0.00000000
0.00000000 0.00000000 0.00000000 0.00000000
0.00000000 0.00000000 0.00000000 0.00000000
0.00000000 0.00000000 0.00000000 0.00000000
0.00000000 0.00000000 0.00000000 0.35768162
0.10607262 1.90453370 0.00000000 0.73165011
0.00000000 6.33128352 0.00000000 0.00000000
0.00000000 0.00000000 1.67906337 0.00000000
0.00000000 0.00000000 0.66379798 1.18555227
1.17331211 0.00000000 0.00000000 0.00000000
0.00000000 0.00000000 0.00000000 0.00000000
0.00000000 0.00000000 0.00000000 0.00000000
0.00000000 0.00000000 0.00000000 0.00000000
0.00000000 0.00000000 1.57154132 0.00000000
1.32046793 0.32668545 2.24724772 0.00000000
0.00000000 0.00000000 3.14493726 0.00000000
0.00000000 0.00000000 0.00000000 0.00000000
0.00000000 0.00000000 0.57846298 0.00000000
0.00000000 0.00000000 0.00000000 0.00000000
0.00000000 0.00000000 0.00000000 0.00000000
0.00000000 0.00000000 3.61503168 1.69225978
0.00000000 0.00000000 0.00000000 0.00000000
0.00000000 0.00000000 0.00000000 0.00000000
0.00000000 0.00000000 0.00000000 0.00000000
0.00000000 0.00000000 0.00000000 0.00000000
0.00000000 0.65840213 0.00000000 0.00000000
0.00000000 0.00000000 0.84882773 0.00000000
0.00000000 0.00000000 0.00000000 0.00000000
0.00000000 0.00000000 1.11597806 0.00000000
0.00000000 0.00000000 0.00000000 0.00000000
0.00000000 0.52588855 0.00000000 0.69204043
0.00000000 0.00000000 0.32074019 0.00000000
0.00000000 0.00000000 0.00000000 0.00000000
3.21778902 0.00000000 0.00000000 0.00000000
0.00000000 0.00000000 0.00000000 0.00000000
0.00000000 0.00000000 0.00000000 0.00000000
0.00000000 0.00000000 0.00000000 0.19390277
0.00000000 1.28452169 0.06491313 0.00000000
0.00000000 0.22786778 0.00000000 0.00000000
0.00000000 0.00000000 0.28442916 0.00000000
0.00000000 0.00000000 0.00000000 0.00000000
0.00000000 0.00000000 0.13009634 0.00000000
0.00000000 0.00000000 0.00000000 2.29344101
0.00000000 0.00000000 0.00000000 0.00000000
0.00000000 0.00000000 0.00000000 0.00000000
0.00000000 2.58417576 0.00000000 0.00000000
0.00000000 0.00000000 0.00000000 0.00000000
0.00000000 0.00000000 0.00000000 0.00000000
0.00000000 0.00000000 0.00000000 0.00000000
0.00000000 0.00000000 2.14333043 0.00000000
0.00000000 1.44891687 4.01783114 2.10407546
0.00000000 0.00000000 0.00000000 0.00000000
0.00000000 0.00000000 0.00000000 0.00000000
0.00000000 0.00000000 0.60228377 0.00000000
0.00000000 0.00000000 0.00000000 0.00000000
0.00000000 0.00000000 0.00000000 0.00000000
0.00000000 0.10979171 0.13025055 0.00000000
0.00000000 0.70118637 0.00000000 0.00000000
0.00000000 2.58968583 0.00000000 0.66263986
0.00000000 0.00000000 0.00000000 0.00000000
0.00000000 0.05061101 0.55366800 0.00000000
0.00000000 0.00000000 0.00000000 0.00000000
1.00825646 0.00000000 0.00000000 0.00000000
0.81851419 0.68517981 1.91637001 0.26377073
0.00000000 0.00000000 0.00000000 0.00000000
0.00000000 1.08604478 0.00000000 0.00000000
0.00000000 0.00000000 0.36972181 0.00000000
0.00000000 0.19289691 0.00000000 0.05186661
0.00000000 1.35441919 0.02710209 0.00000000
0.00000000 0.00000000 0.00000000 0.00000000
0.00000000 0.00000000 0.15696511 0.00000000
0.00000000 0.00000000 0.00000000 0.00000000
0.00000000 0.00000000 0.30888995 0.00000000
0.00000000 0.00000000 0.05886279 1.83529076
0.00000000 0.95645480 0.20550760 1.20514241
0.00000000 0.00000000 0.00000000 1.03584477
0.00000000 0.00000000 0.75679081 0.00000000
0.00000000 0.49964333 0.00000000 1.43126829
0.00000000 0.00000000 0.00000000 0.00000000
0.00000000 0.07392298 1.78358779 0.00000000
0.00000000 1.07779558 0.68616110 0.00000000
0.00000000 0.00000000 0.00000000 0.00000000
0.00000000 0.07758860 0.52803887 0.00000000
0.00000000 0.00000000 0.00000000 0.00000000
0.00000000 0.00000000 0.78388839 0.00000000
0.00000000 0.00000000 0.00000000 0.00000000
0.00000000 0.00000000 0.00000000 0.00000000
0.00000000 0.00000000 0.00000000 0.00000000
0.00000000 0.00000000 0.92630568 0.00000000
0.00000000 0.00000000 0.29168377 0.00000000
0.00000000 0.00000000 0.00000000 0.00000000
0.00000000 0.00000000 0.00000000 0.00000000
0.00000000 0.00000000 0.00000000 0.61183111
0.00000000 0.00000000 0.00000000 0.00000000
0.00000000 0.26975160 0.00000000 0.67302412
0.00000000 0.00000000 0.22869372 1.20050390
0.00000000 0.00000000 0.00000000 0.00000000
0.00000000 0.00000000 0.00000000 0.00000000
0.00000000 0.00000000 0.00000000 0.00000000
0.21369196 0.00000000 0.16477609 0.00000000
0.00000000 0.00000000 0.00000000 0.84426455
0.00000000 0.00000000 0.72506006 0.00000000
0.00000000 0.00000000 0.06972346 0.00000000
0.00000000 0.00000000 0.00000000 0.00000000
0.00000000 0.58475751 1.69222329 0.00000000
0.00000000 0.00000000 0.50438153 0.00000000
0.00000000 0.00000000 0.00000000 0.00000000
0.00000000 0.00000000 0.11390539 0.00000000
0.00000000 0.00000000 0.00000000 0.00000000
0.00000000 0.00000000 0.00000000 0.00000000
0.00000000 0.13537480 0.00000000 0.00000000
0.00000000 0.00000000 0.00000000 0.00000000
0.00000000 1.93656693 0.11145435 0.92313027
0.00000000 0.00000000 0.00000000 0.00000000
0.00000000 0.00000000 0.00000000 0.89683019
0.00000000 0.25770917 0.00000000 0.00000000
0.00000000 0.00000000 0.00000000 0.00000000
0.00000000 0.00000000 0.00000000 0.00000000
0.00000000 0.00000000 0.00000000 0.00000000
0.00000000 0.34281666 0.00000000 0.00000000
0.00000000 0.53628910 0.00000000 0.00000000
0.00000000 0.04449655 0.00000000 0.64507821
0.00000000 0.00000000 2.82584720 0.00000000
0.00000000 0.00000000 0.39238518 0.00000000
1.18461401 0.00000000 0.63112835 0.00000000
0.21982794 0.00000000 0.00000000 0.00000000
0.00000000 0.00000000 0.00000000 0.00000000
0.00000000 0.00000000 0.86079953 0.00000000
0.00000000 0.55636260 0.00000000 0.00000000
0.00000000 1.53659261 0.40895764 0.00000000
0.00000000 0.03105230 0.00000000 0.00000000
0.00000000 0.00000000 0.00000000 0.00000000
0.00000000 0.00000000 0.17589798 0.00000000
0.00000000 0.00000000 0.00000000 0.00000000
0.00000000 0.00000000 0.00000000 0.00000000
1.92397064 2.35047663 1.38417360 0.00000000
0.00000000 0.00000000 0.00000000 0.00000000
0.00000000 0.64034323 0.00000000 0.61117480
0.71240775 0.19679084 0.00000000 0.00000000
0.05462155 0.00000000 0.37226179 1.97727681
0.03324274 0.00000000 0.00000000 0.00000000
0.00000000 0.00000000 0.01498698 0.00000000
0.00000000 0.00000000 0.92545218 1.22912725
0.00000000 0.00000000 0.00000000 0.00000000
0.00000000 0.00000000 0.91200815 0.00000000
0.00000000 0.00000000 0.00000000 0.00000000
0.00000000 0.00000000 0.00000000 0.00000000
0.00000000 0.00000000 0.66583635 0.00000000
0.00000000 0.00000000 0.00000000 0.00000000
0.00000000 0.00000000 0.19299991 0.00000000
0.00000000 0.00000000 0.00000000 0.00000000
0.00000000 0.00000000 1.01282048 0.00000000
0.00000000 0.00000000 0.07614773 0.00000000
0.00000000 0.53427435 1.31744756 0.00000000
0.00000000 5.07224028 0.81583430 0.00000000
0.00000000 0.00000000 0.31910003 0.00000000
0.00000000 0.18197689 0.00000000 0.00000000
1.93277326 0.23123772 0.00000000 0.00000000
0.00000000 0.00000000 0.00000000 0.00000000
0.43982798 0.00000000 0.00000000 0.00000000
0.00000000 0.50244397 0.60425802 2.21132275
0.00000000 0.00000000 0.00000000 0.00000000
0.00000000 0.00000000 0.00000000 0.00000000
0.00000000 0.88392501 0.00000000 1.44998267
0.00000000 0.82705602 0.97328719 0.00000000
0.00000000 0.65975425 0.00000000 1.16134681
0.00000000 0.00000000 0.00000000 0.00000000
0.00000000 0.00000000 2.74383244 3.30794425
0.52430306 0.00000000 0.00000000 0.00000000
0.00000000 0.00000000 0.00000000 0.32924105
0.00000000 0.00000000 0.00000000 0.00000000
0.00000000 0.77863557 0.00000000 0.00000000
0.00000000 2.02814182 0.00000000 0.00000000
0.00000000 0.00000000 0.00000000 0.00000000
0.00000000 0.00000000 0.00000000 0.00000000
0.00000000 0.00000000 0.00000000 0.00000000
0.77032230 0.00000000 0.00000000 0.00000000
0.00000000 0.00000000 0.00000000 0.00000000
0.00000000 0.00000000 0.00000000 0.00000000
0.00000000 0.00000000 0.00000000 0.62727317
0.00000000 0.00000000 0.00000000 1.13893773
0.00000000 0.12334532 0.00000000 0.00000000
0.00000000 1.70542353 0.00000000 0.00000000
0.00000000 0.00000000 0.00000000 0.00000000
0.00000000 0.00000000 0.00000000 0.00000000
0.00000000 0.33095228 0.00000000 0.00000000
0.00000000 0.00000000 0.00000000 0.00000000
0.00000000 0.00000000 0.00000000 0.00000000
0.00000000 0.00000000 0.00000000 0.00000000
0.39764907 0.00000000 0.00000000 0.13380232
0.00000000 0.32750367 0.00000000 0.00000000
0.00000000 1.70961534 1.77843471 0.00000000
0.00000000 0.00000000 0.00000000 0.00000000
0.00000000 0.00000000 0.22639846 0.00000000
0.00000000 0.00000000 0.00000000 0.00000000
0.00000000 0.00000000 0.00000000 0.00000000
0.00000000 0.00000000 0.00000000 0.00000000
0.00000000 0.00000000 0.14362297 0.00000000
0.00000000 0.00000000 0.00000000 0.00000000
0.00000000 0.00000000 0.00000000 0.00000000
0.00000000 0.00000000 1.41798832 0.00000000
0.00000000 0.00000000 0.48278605 0.00000000
0.00000000 0.78616815 0.00000000 0.00000000
0.00000000 0.00000000 0.00000000 0.00000000
0.00000000 0.00000000 0.00000000 0.00000000
0.00000000 0.00000000 0.00000000 0.00000000
0.00000000 0.00000000 0.00000000 0.00000000
0.00000000 0.00000000 0.00000000 0.00000000
0.00000000 0.00000000 0.00000000 0.00000000
0.00000000 0.00000000 0.00000000 0.53265990
0.00000000 0.00000000 0.00000000 2.62922225
0.00000000 0.00000000 3.53382183 0.00000000
0.00000000 0.00000000 0.00000000 0.00000000
0.00000000 0.00000000 0.00000000 0.00000000
0.00000000 0.48594483 0.00000000 0.00000000
0.00000000 0.00000000 1.45816376 0.00000000
0.00000000 0.02485982 0.00000000 0.00000000
0.00000000 0.00000000 1.09492044 0.00000000
0.39002449 0.00000000 0.21781086 0.00000000
0.00000000 0.00000000 3.65270600 0.00000000
0.00000000 0.00000000 0.00000000 0.00000000
0.00000000 0.00000000 0.00000000 0.00000000
0.00000000 0.00000000 0.00000000 0.00000000
0.00000000 0.15360932 0.00000000 1.22299725
0.00000000 2.30119268 1.28980504 0.00000000
0.00000000 0.00000000 0.00000000 0.00000000
0.00000000 0.00000000 2.95574874 0.00000000
0.00000000 0.00000000 0.00000000 0.00000000
0.00000000 0.00000000 0.00000000 0.00000000
0.00000000 0.00000000 0.00000000 0.00000000
0.00000000 0.00000000 0.00000000 0.00000000
0.00000000 0.00000000 0.00000000 0.00000000
0.00000000 0.00000000 0.00000000 0.00000000
0.00000000 0.44083157 0.00000000 0.00000000
