-0.32939205 -0.32939205 -0.32939205 -0.30988246
-0.32939205 -0.32939205 1.27627700 2.35212190
-0.32939205 -0.32939205 -0.32939205 -0.32939205
-0.32939205 -0.32939205 -0.32939205 -0.32939205
-0.32939205 9.61803907 -0.32939205 -0.32939205
-0.32939205 -0.32939205 0.71353781 1.53329495
-0.32939205 -0.32939205 -0.32939205 -0.32939205
1.25473566 -0.32939205 -0.32939205 -0.32939205
-0.32939205 -0.02632100 -0.32939205 -0.24790155
-0.32939205 -0.21324755 2.47290177 -0.32939205
-0.32939205 -0.32939205 -0.32939205 -0.32939205
-0.32939205 -0.32939205 -0.32939205 -0.32939205
-0.32939205 -0.32939205 -0.32939205 -0.32939205
-0.32939205 -0.32939205 4.11045341 -0.32939205
-0.32939205 2.08483392 0.31314401 -0.32939205
-0.32939205 -0.32939205 -0.32939205 -0.32939205
-0.32939205 -0.32939205 0.71674041 -0.32939205
-0.32939205 -0.32939205 -0.32939205 -0.32939205
-0.32939205 0.97004159 1.19979350 -0.32939205
-0.32939205 0.89396554 -0.32939205 -0.32939205
-0.32939205 -0.32939205 -0.32939205 -0.32939205
-0.32939205 -0.32939205 1.96161000 -0.32939205
-0.32939205 -0.08804792 -0.32939205 1.59212684
-0.32939205 -0.32939205 -0.32939205 -0.32939205
-0.32939205 0.36322291 -0.32939205 -0.32939205
-0.32939205 -0.32939205 1.87157478 -0.32939205
-0.32939205 -0.32939205 0.17454066 -0.32939205
-0.32939205 -0.32939205 4.31454894 -0.32939205
-0.32939205 -0.32939205 -0.32939205 -0.32939205
-0.32939205 -0.32939205 -0.32939205 -0.32939205
-0.32939205 -0.32939205 -0.32939205 -0.32939205
-0.32939205 2.41736961 -0.32939205 2.27718524
-0.32939205 -0.32939205 -0.32939205 -0.32939205
-0.32939205 -0.32939205 -0.32939205 -0.32939205
-0.32939205 1.26158419 1.49776740 -0.32939205
-0.32939205 -0.32939205 -0.32939205 -0.32939205
-0.32939205 -0.32939205 -0.32939205 -0.32939205
-0.32939205 -0.32939205 -0.32939205 0.23258140
1.51406375 -0.32939205 -0.32939205 -0.32939205
-0.32939205 -0.32939205 -0.32939205 -0.32939205
-0.32939205 -0.32939205 -0.32939205 -0.32939205
1.74526844 0.18388160 3.20138363 -0.32939205
-0.32939205 -0.32939205 -0.32939205 -0.32939205
-0.32939205 -0.32939205 0.57946326 -0.32939205
-0.32939205 -0.32939205 -0.32939205 -0.32939205
-0.32939205 -0.32939205 -0.32939205 -0.32939205
-0.32939205 -0.32939205 -0.32939205 -0.32939205
-0.32939205 -0.32939205 -0.32939205 -0.32939205
-0.32939205 -0.32939205 -0.32939205 -0.32939205
-0.32939205 0.70506009 -0.32939205 -0.32939205
-0.32939205 -0.32939205 1.00424833 -0.32939205
-0.32939205 -0.32939205 -0.32939205 -0.32939205
-0.32939205 -0.32939205 1.42398305 -0.32939205
-0.32939205 -0.32939205 -0.32939205 -0.32939205
-0.32939205 0.49686065 -0.32939205 0.75791110
-0.32939205 -0.32939205 -0.32939205 -0.32939205
-0.32939205 -0.32939205 -0.32939205 -0.32939205
-0.32939205 -0.32939205 -0.32939205 -0.02474065
-0.32939205 0.02862367 -0.32939205 -0.32939205
-0.32939205 -0.32939205 0.11749039 -0.32939205
-0.32939205 -0.32939205 -0.32939205 -0.32939205
-0.32939205 -0.32939205 -0.12499047 -0.32939205
-0.32939205 -0.32939205 -0.32939205 -0.32939205
-0.32939205 -0.32939205 -0.32939205 -0.32939205
-0.32939205 -0.32939205 -0.32939205 -0.32939205
-0.32939205 -0.32939205 -0.32939205 -0.32939205
-0.32939205 -0.32939205 -0.32939205 -0.32939205
-0.32939205 -0.32939205 -0.32939205 -0.32939205
-0.32939205 -0.32939205 -0.32939205 -0.32939205
-0.32939205 -0.32939205 0.61688943 -0.32939205
-0.32939205 -0.32939205 -0.32939205 -0.32939205
-0.32939205 -0.32939205 -0.32939205 -0.32939205
-0.32939205 -0.15689220 -0.12474819 -0.32939205
-0.32939205 -0.32939205 -0.32939205 -0.32939205
-0.32939205 -0.24987429 0.54050648 -0.32939205
-0.32939205 -0.32939205 -0.32939205 -0.32939205
0.95662104 0.74713199 2.68152329 0.08503279
-0.32939205 -0.32939205 -0.32939205 -0.32939205
-0.32939205 1.37695322 -0.32939205 -0.32939205
-0.32939205 -0.32939205 0.25149841 -0.32939205
-0.32939205 -0.32939205 -0.32939205 -0.32939205
-0.32939205 -0.32939205 -0.08277545 -0.32939205
-0.32939205 -0.32939205 -0.32939205 -0.32939205
-0.32939205 -0.32939205 0.15592210 -0.32939205
-0.32939205 1.17334719 -0.00650765 1.56407411
-0.32939205 -0.32939205 -0.32939205 1.29808119
-0.32939205 -0.32939205 0.85964402 -0.32939205
-0.32939205 0.45562533 -0.32939205 1.91935303
-0.32939205 -0.32939205 -0.32939205 -0.32939205
-0.32939205 1.36399243 0.74867376 -0.32939205
-0.32939205 -0.20748830 0.50023914 -0.32939205
-0.32939205 -0.32939205 -0.32939205 -0.32939205
-0.32939205 -0.32939205 0.90221853 -0.32939205
-0.32939205 -0.32939205 -0.32939205 -0.32939205
-0.32939205 -0.32939205 -0.32939205 -0.32939205
-0.32939205 -0.32939205 -0.32939205 -0.32939205
-0.32939205 -0.32939205 -0.32939205 -0.32939205
-0.32939205 -0.32939205 -0.32939205 0.63188978
-0.32939205 -0.32939205 -0.32939205 -0.32939205
-0.32939205 0.09442966 -0.32939205 0.72803351
-0.32939205 -0.32939205 0.02992135 1.55678629
-0.32939205 -0.32939205 -0.32939205 -0.32939205
-0.32939205 -0.32939205 -0.32939205 -0.32939205
0.00635125 -0.32939205 -0.07050318 -0.32939205
-0.32939205 -0.32939205 -0.32939205 0.99707886
-0.32939205 -0.32939205 0.80979007 -0.32939205
-0.32939205 -0.32939205 -0.21984566 -0.32939205
-0.32939205 -0.32939205 0.46306978 -0.32939205
-0.32939205 -0.32939205 -0.32939205 -0.32939205
-0.32939205 -0.32939205 -0.32939205 -0.32939205
-0.32939205 -0.11669720 -0.32939205 -0.32939205
-0.32939205 -0.32939205 -0.32939205 -0.32939205
-0.32939205 2.71325580 -0.15427994 1.12098918
-0.32939205 0.07550913 -0.32939205 -0.32939205
-0.32939205 -0.32939205 -0.32939205 -0.32939205
-0.32939205 -0.32939205 -0.32939205 -0.32939205
-0.32939205 -0.32939205 -0.32939205 -0.32939205
-0.32939205 -0.32939205 0.28710609 -0.32939205
1.53182081 -0.32939205 0.66220874 -0.32939205
0.01599182 -0.32939205 -0.32939205 -0.32939205
-0.32939205 -0.32939205 -0.32939205 -0.32939205
-0.32939205 -0.32939205 1.02305789 -0.32939205
-0.32939205 0.54474013 -0.32939205 -0.32939205
-0.32939205 -0.28060406 -0.32939205 -0.32939205
-0.32939205 -0.32939205 -0.32939205 -0.32939205
-0.32939205 -0.32939205 -0.05302897 -0.32939205
-0.32939205 -0.32939205 -0.32939205 -0.32939205
-0.32939205 -0.32939205 -0.32939205 -0.32939205
0.78991132 -0.02020304 -0.32939205 -0.32939205
-0.27716254 -0.32939205 -0.32939205 -0.32939205
-0.32939205 -0.32939205 -0.30584518 -0.32939205
-0.32939205 -0.32939205 -0.32939205 -0.32939205
-0.32939205 -0.32939205 -0.32939205 -0.32939205
-0.32939205 -0.32939205 -0.32939205 -0.32939205
-0.32939205 -0.32939205 -0.32939205 -0.32939205
-0.32939205 -0.32939205 -0.02615918 -0.32939205
-0.32939205 -0.32939205 -0.32939205 -0.32939205
-0.32939205 -0.32939205 1.26190645 -0.32939205
-0.32939205 -0.32939205 -0.20975213 -0.32939205
-0.32939205 0.51003604 1.74052296 -0.32939205
-0.32939205 -0.32939205 0.17196372 -0.32939205
-0.32939205 -0.04347805 -0.32939205 -0.32939205
0.36164610 -0.32939205 -0.32939205 -0.32939205
-0.32939205 0.46002557 0.61999127 3.14493992
-0.32939205 -0.32939205 -0.32939205 -0.32939205
-0.32939205 -0.32939205 -0.32939205 -0.32939205
-0.32939205 1.05939161 -0.32939205 1.94875624
-0.32939205 0.70718449 -0.32939205 1.49526441
-0.32939205 -0.32939205 -0.32939205 -0.32939205
0.49436960 -0.32939205 -0.32939205 -0.32939205
-0.32939205 -0.32939205 -0.32939205 0.18789684
-0.32939205 -0.32939205 -0.32939205 -0.32939205
-0.32939205 -0.32939205 -0.32939205 -0.32939205
-0.32939205 -0.32939205 -0.32939205 -0.32939205
0.88090409 -0.32939205 -0.32939205 -0.32939205
-0.32939205 -0.32939205 -0.32939205 -0.32939205
-0.32939205 -0.32939205 -0.32939205 -0.32939205
-0.32939205 -0.13559737 -0.32939205 -0.32939205
-0.32939205 -0.32939205 -0.32939205 -0.32939205
-0.32939205 -0.32939205 -0.32939205 -0.32939205
-0.32939205 0.19058545 -0.32939205 -0.32939205
-0.32939205 -0.32939205 -0.32939205 -0.32939205
-0.32939205 -0.32939205 -0.32939205 -0.32939205
-0.32939205 -0.32939205 -0.32939205 -0.32939205
0.29537649 -0.32939205 -0.32939205 -0.11916781
-0.32939205 0.18516715 -0.32939205 -0.32939205
-0.32939205 2.35667955 2.46480548 -0.32939205
-0.32939205 -0.32939205 -0.32939205 -0.32939205
-0.32939205 -0.32939205 0.02631514 -0.32939205
-0.32939205 -0.32939205 -0.32939205 -0.32939205
-0.32939205 -0.32939205 -0.32939205 -0.32939205
-0.32939205 -0.32939205 -0.32939205 -0.32939205
-0.32939205 -0.32939205 -0.10373804 -0.32939205
-0.32939205 -0.32939205 -0.32939205 -0.32939205
-0.32939205 -0.32939205 1.89848814 -0.32939205
-0.32939205 -0.32939205 0.42913992 -0.32939205
-0.32939205 -0.32939205 -0.32939205 -0.32939205
-0.32939205 -0.32939205 -0.32939205 -0.32939205
-0.32939205 -0.32939205 -0.32939205 -0.32939205
-0.32939205 -0.32939205 -0.32939205 -0.32939205
-0.32939205 -0.32939205 -0.32939205 -0.32939205
-0.32939205 -0.32939205 -0.32939205 0.50749949
-0.32939205 -0.32939205 -0.32939205 -0.32939205
-0.32939205 0.43410285 -0.32939205 -0.32939205
-0.32939205 -0.29033342 -0.32939205 -0.32939205
-0.32939205 -0.32939205 1.39089825 -0.32939205
-0.32939205 -0.32939205 -0.32939205 -0.32939205
-0.32939205 -0.32939205 -0.32939205 -0.32939205
-0.32939205 -0.32939205 -0.32939205 -0.32939205
-0.32939205 -0.32939205 -0.32939205 -0.32939205
-0.32939205 -0.32939205 -0.32939205 -0.32939205
-0.32939205 -0.32939205 -0.32939205 -0.32939205
-0.32939205 -0.32939205 -0.32939205 -0.32939205
-0.32939205 -0.32939205 -0.32939205 -0.32939205
-0.32939205 -0.32939205 2.94492689 -0.24592223
-0.32939205 -0.32939205 6.91430707 -0.32939205
-0.32939205 -0.32939205 10.01593333 -0.32939205
-0.32939205 -0.32939205 2.13974379 -0.32939205
-0.32939205 -0.32939205 4.61179352 -0.32939205
-0.32939205 -0.32939205 3.03811341 -0.32939205
-0.32939205 1.94708169 5.98324556 2.97643775
-0.32939205 -0.32939205 0.12888851 -0.32939205
-0.32939205 0.58935295 2.32935393 -0.32939205
-0.32939205 -0.32939205 1.12463725 1.60175802
-0.32939205 -0.32939205 5.22279166 -0.32939205
-0.32939205 -0.32939205 5.40957719 -0.32939205
0.51853363 -0.32939205 -0.32939205 -0.32939205
-0.32939205 -0.32939205 -0.32939205 -0.32939205
-0.32939205 3.19923074 1.26661842 -0.32939205
-0.32939205 -0.32939205 -0.32939205 -0.32939205
-0.32939205 -0.32939205 -0.32939205 -0.32939205
-0.32939205 3.73074999 -0.32939205 -0.32939205
-0.32939205 0.77228079 -0.32939205 -0.32939205
-0.32939205 3.73940716 -0.32939205 0.71171823
-0.32939205 1.79861114 -0.28681045 -0.32939205
-0.32939205 -0.32939205 -0.32939205 -0.32939205
-0.32939205 0.51320153 -0.32939205 -0.32939205
2.69346506 3.36357231 1.84535995 -0.32939205
-0.32939205 7.63988632 0.95241052 -0.32939205
-0.32939205 2.85713418 -0.32939205 -0.32939205
-0.32939205 2.35009356 -0.32939205 -0.32939205
-0.32939205 -0.32939205 -0.32939205 -0.32939205
-0.32939205 0.90580038 -0.32939205 -0.32939205
-0.32939205 3.28613956 1.69709227 -0.32939205
-0.32939205 -0.32939205 -0.32939205 -0.32939205
-0.16273547 2.66292661 -0.32939205 0.82014406
-0.32939205 -0.32939205 -0.32939205 -0.32939205
0.28339709 -0.32939205 0.01282268 -0.32939205
-0.32939205 -0.32939205 2.30867765 -0.32939205
-0.32939205 -0.32939205 5.35038497 2.32941126
-0.32939205 -0.32939205 1.12597823 -0.32939205
-0.32939205 -0.32939205 3.98159546 4.86790286
-0.32939205 -0.32939205 -0.32939205 3.27396047
-0.32939205 -0.32939205 -0.23690945 2.55413517
-0.32939205 -0.32939205 -0.15042898 -0.32939205
-0.32939205 -0.32939205 -0.32939205 1.07966766
-0.32939205 0.20922623 -0.32939205 -0.32939205
-0.32939205 -0.25948105 -0.32939205 0.68412614
-0.24357310 -0.32939205 0.25548911 2.77721735
-0.32939205 -0.32939205 1.10351460 -0.32939205
-0.32939205 -0.32939205 -0.32939205 -0.32939205
-0.32939205 -0.32939205 -0.32939205 0.65615166
-0.32939205 -0.32939205 -0.32939205 1.46005626
-0.32939205 -0.32939205 -0.32939205 3.80152503
-0.32939205 -0.32939205 -0.32939205 -0.32939205
-0.32939205 -0.32939205 -0.32939205 -0.32939205
2.70729535 0.03391837 -0.32939205 -0.32939205
4.72625496 -0.32939205 -0.32939205 -0.32939205
-0.32939205 1.68879131 -0.22740343 -0.32939205
-0.32939205 0.67668676 -0.32939205 0.63085861
