-0.41531270 0.19989930 -0.18772840 -0.17736856
0.66653966 -2.58699579 -0.36655216 -0.92605756
-0.63038936 -1.26129213 -2.05903123 -0.09581091
1.56112072 -0.33251166 -1.08509866 -0.97308782
0.34760503 1.68165623 0.18455618 -0.11206391
-0.36402628 -1.12738266 -0.77923794 -1.33516128
1.06428164 -0.10895513 0.38075935 -1.12234438
-3.79793279 0.11767232 -1.23453684 0.29811926
-0.13498476 -0.99109233 -0.83608274 -0.61045454
0.86206616 -0.41292809 0.55417479 1.40200681
-0.28365278 -0.59320749 -2.10882114 2.83773246
-0.48522599 -0.83429177 -1.38913535 0.55476976
-0.36552972 -0.00393481 -0.03968583 0.06972862
-0.42254172 0.16012333 0.16952639 0.06198181
-0.65179626 0.33521450 -1.07938827 -0.76220186
-0.32598497 -0.82591049 -0.14089484 0.40307840
-0.91204734 0.25820412 -0.11364147 -0.47370892
-0.19524736 -0.39639878 0.35828079 -0.03388703
-0.31631801 1.32925303 1.00289554 0.70174770
1.06505290 -2.78155037 0.63420728 -0.88788066
2.85686880 -0.07374844 1.34212675 0.96908509
1.50046083 -0.08339812 1.71154795 1.10675840
-0.51998905 -7.57525446 0.05873828 1.24264337
0.43455226 0.08326045 0.83603661 0.59057507
-0.40103033 -3.08686151 -0.03672093 -0.42888790
-0.36047759 -0.89659042 0.18052141 -0.37916239
-0.25461629 -2.39753972 0.53547038 -0.97366578
0.09760214 -1.80376571 1.32086890 -0.34727444
-0.33666497 -3.07629998 0.77254176 0.00809886
1.15754443 -5.87106869 0.45255177 -0.31166517
0.78176545 -1.05868153 0.90834915 0.79918140
0.04256399 -1.56201931 0.78585450 -0.26196255
-0.09535213 -1.48647449 0.90649857 0.24646800
0.07063537 -0.17561359 -0.47453576 -1.45087509
-0.36700857 -0.12238663 0.32882886 0.90343878
-0.93908208 0.32220207 1.24046634 1.04336516
-0.04955096 0.13638756 0.53350306 -1.77542663
-0.13406581 0.17638304 1.50037957 -0.92849836
-0.08501436 0.13604715 1.78249727 -2.32118175
-0.32166407 0.05035399 -0.72227540 -1.05263914
1.00586031 2.07614354 1.50179342 -0.75954287
-0.43791122 0.30570091 0.68407828 0.47875500
1.00346519 -1.00085664 -0.23430221 2.37813541
-0.28788808 0.07634969 1.78889007 1.03020496
-0.22167683 -0.10926662 0.96180689 -0.27165073
-0.18492963 -0.31708467 0.99947186 -0.83944931
-0.47218685 0.23374875 1.87054341 0.27502276
-1.94081809 0.08683807 -0.72284928 -1.96058244
-0.54688355 -0.12107705 0.49962831 -0.05221055
-0.24419957 0.46325517 0.58080299 0.14522551
-0.29086591 0.08534318 1.01459856 -0.22208764
-0.21995096 -0.13740205 -2.05662680 -0.01945455
0.42894774 0.31990463 1.30617820 2.30601366
-0.29006877 0.05888247 1.04659444 -0.61875192
-0.73126712 0.14375494 -1.27479093 0.31956100
-0.15156164 0.19343507 0.81233789 -0.87314886
-0.58862695 -0.68234052 1.20565585 0.39170656
-0.06855363 0.19328196 0.40867741 0.59068238
-0.33672470 -0.02800634 -0.19426377 0.58632934
-0.36935362 0.23130645 -1.30330689 0.12361872
-0.23411087 0.28836893 0.30218697 0.69475037
-0.40109426 0.21633767 -0.24711317 0.56542153
-0.68974277 0.13799921 0.09678879 -0.31529480
0.01316472 0.00284420 0.77098503 1.38699682
-0.77565153 -0.08418527 1.65759964 0.83607116
-0.16011170 0.17608376 0.31001028 -0.52658361
-0.06440290 0.19483036 1.07980092 -1.14093691
-0.08079778 -0.39989981 1.58500407 -0.40974298
-0.19083672 0.14134351 1.91021752 -1.68359488
-0.12278539 0.51042136 -0.42761418 1.43114842
-0.17539704 2.82669176 0.87902455 -0.74043760
-0.22183260 0.16157230 0.39267603 -1.06698816
-0.17673504 -0.27964819 1.01774165 -0.16260469
-0.36544348 0.41271113 -1.44482245 1.30251956
-0.38488952 0.19334565 -0.34099711 -0.06687818
-0.17060497 -0.09618585 1.24007089 -0.15992250
-0.42108445 0.03247230 -1.00858969 0.68929702
-0.47818893 0.03440992 0.13350688 0.58668071
0.17953842 -0.26649059 -0.13546728 1.41825778
-0.38918330 0.01248753 -0.18723701 -0.57576028
-0.30176733 0.13027336 0.23110818 -0.34771780
-0.37675989 -0.54702543 0.04740448 -1.69752521
-0.01021256 -0.18638961 0.23198803 -0.88618802
-1.54446969 0.05436781 0.85428730 1.16772021
-0.17367034 0.22601026 -0.34121555 -1.15027327
-0.42104530 -1.25255301 -1.22292937 1.28627564
-0.08731707 0.46941417 -1.31912407 0.18245202
-0.38979096 -0.45827195 0.89703945 1.41481317
-0.11815697 0.09737679 -0.73923066 -1.52178726
-0.00428610 0.24318475 0.19499023 0.90850752
-0.46390636 0.17169333 0.13269988 0.60742846
0.14182961 0.42202889 0.27597776 1.39584436
-0.41850513 2.48332502 -0.49332666 -0.24987688
0.04418435 0.60225129 1.63377615 -0.55188363
-0.11614464 1.81880977 -0.86120563 1.49249932
0.36734106 0.27180195 -1.02716202 -0.08218048
-0.00464323 1.54010950 -0.25162558 1.24086870
-0.48767271 0.08278828 -1.72963330 0.06486842
-0.43800305 -0.13586471 0.14618119 -0.25724163
-0.12088124 0.33406946 -0.17029787 -1.13649362
0.42437891 0.48991489 -0.27877468 0.98444951
-0.29399933 0.28726692 0.66807863 2.48349506
-0.52707434 -0.14447159 -0.25396933 1.45463692
-0.02329289 0.31106636 -0.83967088 0.14036229
0.46450696 0.20119898 0.31558643 0.77447065
-0.63116636 -0.16209715 0.24517264 -0.54778054
-0.14897583 0.28233565 0.54345357 1.01596868
-0.35172429 0.74927967 1.45391084 0.08705357
-0.21058197 0.25963917 -1.73836149 -1.23785337
-0.58619521 0.34246759 -0.11055713 -1.23886018
-0.10001973 1.38004036 -0.04601250 0.85014507
-0.21582621 0.06312376 1.33339620 -0.60196711
-0.58630607 -0.51097962 -0.06191016 0.08101817
-0.39564574 -0.09597697 -0.28331835 -1.38052501
-0.01315362 0.41773213 -1.08441236 0.16770785
-0.13357151 0.78516265 0.60398551 -3.12171296
0.21142615 -0.25952173 1.24144132 -0.39260637
-0.43663796 0.31612313 -0.97774448 1.52003787
-0.58726103 0.14685626 0.40169660 0.25927480
0.60317756 0.11055557 0.54759278 -1.26917648
-0.32726376 -0.24927253 3.05542825 1.68994730
0.14383864 0.20397605 -0.36913796 -0.20163845
-0.42202217 0.26922645 -1.50654915 -0.20138606
-0.35443583 0.15163723 0.73734984 0.21098837
-0.22294691 0.22173251 0.27359741 1.16772273
-0.02026538 0.24623336 1.01739256 0.20753625
-0.53148783 -0.27328779 1.49981438 0.45801838
-0.13277664 1.44334059 -0.09816497 0.01803689
-0.32173821 0.04960076 1.50063986 -0.85809846
-0.36860816 -0.16802424 -1.22425701 -2.11733659
-0.02498709 0.39891395 0.84064926 -0.27527617
-0.59653546 -0.77254174 0.97220803 0.56115751
-0.10406618 0.94853334 0.02259370 -0.64858379
-0.09125434 -0.26793933 -1.23312667 0.05647295
-0.77912772 0.16685663 -0.64014999 -0.63805248
-0.90734069 -0.13126025 0.01854927 -0.37767774
-0.59131258 -0.39287353 -0.31275746 -0.39358265
0.43619961 -0.05019647 -1.38735696 0.38433838
-0.18596563 -0.46956118 -0.39772798 0.44624565
-0.03939487 -1.62269410 1.68525137 1.78595765
-0.44321711 0.18454239 -1.13416879 -0.17121995
0.10096851 0.25464852 0.11463041 -2.95947134
-0.21746094 0.06117969 0.90366740 -0.37616236
-0.46824726 -0.26335508 -0.03616627 0.26223851
-0.09836943 0.18163475 -0.57934781 -0.40434240
-0.22317942 -0.05824309 0.77014366 -0.03581482
-0.83002087 0.12392806 1.26174510 -1.73980864
-0.43469432 2.30753158 -0.07036393 0.76410666
-0.16450119 0.25014391 0.55607429 -0.47399164
-0.29967294 0.31532488 0.47123323 0.14034041
0.34681026 1.50281867 1.55308927 0.24774680
-0.52606909 0.01326431 0.27713937 1.48885389
0.50498803 0.42822066 -1.01068680 -0.84764601
-0.46434954 -0.01864022 0.78087084 -1.91945097
-0.26357087 0.37291410 0.63573136 1.36127638
0.27709904 -0.06864883 1.22445983 1.02449892
-0.48412629 0.13372808 -0.38406115 0.00421366
-0.32359320 0.19100523 -1.90951023 -0.68277738
-0.31060808 -0.01782227 -0.11738184 1.48747972
0.52571076 0.10030735 0.16582465 -0.82624821
0.21839474 0.31906996 -1.10044933 0.77140698
-0.16019946 -0.24109664 0.30970229 -1.66631462
-2.29685656 0.05979881 1.46631086 -0.15447784
-0.67968472 -0.14952035 0.81851702 1.06034416
-0.54674493 0.30655370 -0.88765728 1.10320440
0.21281936 2.32761409 -1.64177091 1.19131695
-0.23643667 -0.14999124 -2.91690856 0.48117621
-0.61128059 0.17403447 -0.68407282 1.34680561
-0.83475347 0.68288003 -0.86464416 -0.51690430
-0.69850039 -0.04709798 -0.92031574 1.86911891
2.34573933 3.59697495 0.16571361 -0.20433791
-1.11928292 0.05019943 0.05267898 -0.58575324
-0.50334605 0.83785709 -1.05219042 0.13561164
-0.32901012 0.16934135 0.51447074 -0.87007017
0.14505149 0.18560433 -0.15435785 -0.35004467
-0.13322897 0.28777648 -0.72242023 0.89834555
0.20496161 0.54195401 -0.57638429 1.06489405
-1.04910722 0.12303204 2.53262757 -0.86500818
-0.41489187 0.21858896 0.04227679 -0.74368790
-0.32691295 0.37670897 -1.34542169 -0.33212647
-0.15140693 0.98602127 0.45211732 -0.30641223
-0.04233042 1.36918030 0.13924801 -1.59931721
-0.33536630 -0.19481429 -1.15653470 -1.21303779
-0.41667378 -0.16512619 -0.56918702 0.93397582
-0.12116437 0.47546812 -1.07159922 -0.78228786
-0.11923104 0.12435658 -1.14296213 -0.69962983
-0.06951523 0.24593349 0.75255437 -0.13214866
-0.33745791 0.05244929 1.15959721 -0.04221946
-0.02540160 0.06604700 -1.56397339 -0.04122719
-0.27582399 0.31707402 0.42784122 1.56091526
0.25997572 0.37617708 -0.77082127 0.09771034
0.08334491 0.02401003 1.48384237 -0.41105320
-0.09551514 -0.21816643 -1.42390813 -0.04035623
-0.48426865 -0.03289703 -1.08288865 -1.86711539
0.35363423 0.24545932 -0.90965442 -2.34962827
-0.64823855 0.30079772 0.60097666 0.46406030
-0.22209289 0.01058721 -0.47293053 0.00460210
0.00396598 0.01392962 -0.08069973 1.74778447
-0.43448645 0.32300653 1.41038364 -0.27063511
-0.23180782 0.11861088 -1.38471295 0.97203829
-0.28429281 -0.13069201 0.34792236 0.87582891
-0.09855393 0.36766109 2.55353947 0.40300913
-0.01728507 0.47188658 -1.06445700 -0.84595426
-0.63467310 0.23709614 -0.37645122 0.63734090
0.04662076 0.92219211 -0.50424270 0.53142629
-0.55628791 3.10695517 0.12472124 -0.42392509
-0.55964304 -0.14673733 -1.20522792 -0.62550473
-0.82611099 -0.21563792 -0.79081385 0.43759449
-0.09984226 -0.55463701 -0.72822928 -2.44432289
-0.43587192 0.33833718 -0.39215894 0.17485589
0.61710720 -0.04079792 -1.32558538 0.22468416
-1.08971356 -0.22392622 -0.51262789 0.55678143
-0.70166754 0.01800683 -1.28552642 0.57191018
-0.39156018 -0.15164827 0.33464138 2.49463568
-0.39884771 -0.02274403 -1.20605832 -0.35636957
-0.32900393 -0.06119508 0.03999272 1.11399791
-0.28754686 0.15381543 0.32799729 -0.30487824
-0.58547568 -0.11115639 0.82475465 0.35423796
-0.37536173 0.34165352 -1.08575358 0.65211848
-1.06452959 -0.20523177 -1.43548187 1.60255209
-0.56408684 -0.27812602 0.33449925 0.90129604
-0.21722322 0.34771767 1.58310136 0.63785257
1.79704409 0.28731586 -0.24511152 0.74841309
4.64099072 -0.11403337 -0.53863479 0.50880620
7.10364342 -0.40845575 0.26211297 -0.21084505
-0.25689106 -0.47696680 -0.70358264 -0.69962340
1.38598265 0.12758741 0.35582133 -0.12707097
0.78460091 -0.29009732 -1.54865235 -1.17676176
2.65849585 -0.62255685 -0.48496789 -0.21931449
3.27116997 1.70723614 -0.70094558 0.12752013
1.59165106 -0.53421031 -0.43710039 -0.46249662
4.19545092 0.75674787 1.03647639 -1.05970098
-0.08562659 -0.24139528 -0.36182407 -0.49750718
1.76866833 -0.22399474 -1.12671560 -0.17132391
0.94334671 0.36276415 -0.39037757 -0.44140355
1.69145833 -0.88907964 -0.92417861 -1.38323865
0.33889992 -0.01901869 -0.46129504 -0.65272122
2.28071753 -0.09185880 -1.71626051 -0.55880847
-0.37273627 -0.66814587 -1.44232261 -1.86106527
1.63454722 -1.66844495 -2.39760144 0.37283925
3.54948441 0.17799182 0.58680802 0.16287638
1.30001095 -0.10546192 -0.63926716 0.41305398
3.84837744 0.41069008 -0.08304123 2.03829021
0.53884066 -0.03880542 -0.36949791 0.49867067
0.22514472 -0.92600118 -1.21478367 0.44837495
1.14287509 -0.27415359 -1.23433217 0.77018827
0.31502488 -0.34046195 0.64924005 -0.69822041
0.39857966 0.10666657 0.94028173 -0.37757427
1.14069236 -0.26928144 1.81352582 -0.80620235
-0.24181727 -0.78767691 0.58231983 -1.60898610
