0.05097243037262755
0.2295085260041341
0.33631531823431404
-0.6456983669952231
-0.4587025092848276
-0.41449231589924146
-0.44121188433519853
-0.3579750327726123
-0.2171355330677254
-0.49628202617648726
-0.13788003544952368
-4.127032065628909
-0.5195826499691422
2.003217184262786
-0.06092861197179983
4.74868516149006
3.314188293380707E-10
0.8876423066990932
0.17852598735934552
0.5162688753569891
-0.41581782965704434
2.4951237429045663
14.458464005123714
0.4117007971114467
-3.228059605279314
-0.10588376004878364
0.2669707124622925
-0.8565883975075596
-0.186120636877041
-0.4055795177149867
0.4289276930977677
0.8951101947272584
0.34333684507527273
-0.48514569919718675
-0.1635633271758285
-0.1337255901918853
-3.5321542749076746
-0.44783777412555714
1.3552743577105526
-0.31246734755410366
0.14283412539933452
2.084451899614192
0.07492796302550346
-0.35647056411734823
-0.004691909549743063
-0.47362354806022566
-0.29315783239359455
-0.16702451907823812
-0.21248866742841838
0.22282396399050655
0.09512106987223548
0.2518636043244782
-0.35440339091009093
1.8729731916558539
-0.48365436326303923
0.674559443527571
-0.43344209212260343
-0.8355433071932445
-5.408997897934883
-0.3878204842084258
0.48916524682806695
5.860362481216751
-0.5980307537669727
-0.32251126027491545
0.15095481125781984
0.8199512828099704
-1.968326183276679
0.042411431293423396
0.020825928978495722
0.5992067855050257
-0.0170121753172211
-0.25414206865709826
0.9293485227207688
1.7028243294097383
4.4552263130915595
0.2760566203075985
0.5324695408157633
0.4472837687190063
0.13234693970188927
0.7961239973817117
-0.5137227107898966
2.5487486113971944
-0.8043045617221853
1.0337985187049727
3.3389867951913668
-0.27516140573267633
-0.38151673382324564
-0.2118786387238018
-0.6899044821290133
-4.641626590588053
-1.2229302558471542
-3.2743556858684895
-0.5342132820874689
-2.8001879658417783
-0.07209669120301515
0.2520365167620425
1.7892449654682476
0.279046238400156
-0.29762684958307434
-0.7224460630220422
-0.8707911652444665
-0.323953850011651
0.44146388978548545
-0.5408612681345414
-0.799817481550297
-0.38358766354784685
0.302196858445987
-0.46043916956844955
-1.418160367451616
-0.5290956881586049
-0.6636777368639375
-2.5064040160485592
-0.20161514532090075
1.0448570650350644
0.13231000004388316
-0.7208843406431426
-1.7306612205439702
0.3950181584770828
-0.3734178702466624
-0.19097184678465834
1.4030767273993154
-0.38510619467219503
0.5635578685308864
-0.40172783400627765
-0.43584559979382964
-0.2535340788831128
-0.30863434310756477
-0.485357854473532
1.4279787447710932
0.5684864476442348
-2.7106817712518905
1.6913067719669157
-0.17452678080199763
0.20274211962404298
-0.8203798814108175
-0.03687373333686136
1.5096178521032853
-1.8260272475642358
-0.06325370935353385
0.5734730314459696
-0.27910557529345437
0.28763252190868793
0.7876409748178681
0.10304295608900318
0.9662162380542985
3.1728857344406514
-0.2848402409530056
-0.7588689109845214
-0.14421649988086738
0.5809049964280929
-0.35394568650526803
5.817037530696488
0.12007022714473004
0.06656467639198821
-0.33253982865495835
-4.253808966378295
-0.5076274876512632
-0.5681330587581969
-2.8863212161790672
0.14289862990162805
-0.9205713565724318
-0.10094113903815916
-0.5717721250972537
0.16123816564687968
-0.18682071915830784
-0.3424767601797222
0.18677707648153896
-0.33239809846166235
-0.2559923585323344
0.50613242765817
10.930185097702173
-0.5422280540797481
0.315384387867211
0.0625090186602224
0.41690553970335925
-0.4035910243600309
-4.2768482737837274
0.4298897008070248
-0.11860520249094209
-0.6027525962248796
1.9601800878789226
-1.2174343130729701
0.3537849561923204
-7.060466965912172
-0.022414025099851465
-1.495686530586438
-0.3869484319798538
1.6292577854637522
2.9067621042997827
-0.3845917025473219
-0.4277560933529952
-0.947315740286972
-0.2706471353630694
-0.44344288154690237
-0.6827042547833602
-1.9059116618519978
-2.7208864012032796
0.32134230617199755
2.82372721616853
0.4610645445173903
-0.9250308081046219
1.171066729719628
-0.269035892070196
-0.4840037585313601
-0.10593979127216996
-0.4394646577805351
-0.08754660914882366
3.0857453356802007
-0.4424321843507634
-0.6994222845845682
-0.13056012214644072
0.44850713720380564
-0.022328268720400724
-0.6753828802011334
-0.4812971077610103
0.02939323511296918
0.25835867548764113
0.12217015445991851
0.7636173381098464
-0.6256877180616385
-0.07746355350375499
0.3366129399362334
-0.7036073783345993
-0.9372973424970232
-0.3139991562356028
-1.6724716928297725
-5.852005614773618
-0.6909797698714046
0.3094000821776138
0.5418454053773649
0.8658783908825398
0.12779891087070847
-0.5776416897622109
0.06456064509585671
0.5907404238530641
-1.0017785950714069
0.1307136456507415
0.5310203593786038
0.08266163488978323
-2.447532976876564
5.038097420842221
0.2378824335289251
-0.11262191723458338
-0.29334706042820763
0.266285347169837
-0.5372228001727941
0.667637201455164
0.6690016873440259
-0.6238214677920044
1.3728653837124105
